15
32
112
237
239
348
474
539
565
572
713
756
766
785
791
847
978
1008
1022
1054
1192
1268
1345
1396
1552
1716
1717
1745
1764
1799
2116
2129
2138
2175
2187
2199
2399
2602
2614
2739
2771
2852
2855
2906
2958
2975
3023
3080
3227
3275
3296
3325
3736
3780
3899
3963
3995
4004
4053
4144
4162
4172
4178
4341
4372
4394
4458
4612
4695
4807
4841
4854
4910
4925
4996
5017
5140
5227
5360
5459
5475
5477
5593
5636
5660
5691
5702
5767
5771
5841
5905
5912
5923
5936
6023
6067
6079
6186
6242
6268
6388
6391
6417
6460
6482
6550
6595
6687
6836
6842
6882
6933
6998
7005
7128
7164
7291
7390
7435
7471
7700
7767
7780
7877
7886
7899
8042
8057
8061
8128
8158
8186
8308
8396
8406
8490
8555
8610
8617
8639
8640
8669
8680
8706
8710
8847
8888
8967
9005
9018
9020
9077
9215
9231
9300
9344
9387
9491
9498
9596
9621
9679
9783
9839
9965
